MAG_AUTO_u	MAG_AUTO_g	MAG_AUTO_r	MAG_AUTO_i	u-r	r-i	class
continuous	continuous	continuous	continuous	continuous	continuous	0 1
						class
21.3336	20.8335	20.6517	20.5693	0.682	0.082	1
22.3609	20.7536	20.4125	20.3137	1.948	0.099	1
21.0292	20.3103	20.2585	20.2090	0.771	0.049	1
20.8129	20.2945	20.1713	20.1733	0.642	-0.002	1
19.3310	18.5174	18.3212	18.2451	1.010	0.076	1
20.4389	20.1839	20.1474	20.0227	0.292	0.125	1
22.2133	21.5964	21.3901	21.3173	0.823	0.073	1
21.9549	21.5099	21.4884	21.4537	0.467	0.035	1
23.4252	22.0203	21.7978	21.5530	1.627	0.245	1
21.6323	21.1225	20.9871	21.1291	0.645	-0.142	1
22.1059	21.5780	21.4957	21.3133	0.610	0.182	1
21.9076	21.2775	21.3529	21.1744	0.555	0.178	1
22.4228	21.5883	21.6205	21.4959	0.802	0.125	1
22.5856	21.9089	21.9991	22.0108	0.587	-0.012	1
22.7140	21.3266	21.1912	21.2904	1.523	-0.099	1
24.1130	21.6244	21.6993	21.8313	2.414	-0.132	1
20.6940	20.3018	20.1028	20.0347	0.591	0.068	1
20.4868	20.0971	19.5966	19.6270	0.890	-0.030	1
22.6084	22.0535	21.7947	21.5937	0.814	0.201	1
21.3662	20.5681	20.4233	20.4559	0.943	-0.033	1
21.6429	21.1689	21.2121	20.9764	0.431	0.236	1
20.9953	20.3042	19.7721	19.6070	1.223	0.165	1
21.7093	21.1372	21.2290	20.9843	0.480	0.245	1
20.2683	19.6493	19.5893	19.6003	0.679	-0.011	1
20.1876	19.8353	19.6863	19.6122	0.501	0.074	1
18.3738	18.0944	17.8223	17.6679	0.552	0.154	1
22.2143	21.8354	21.5818	21.5212	0.632	0.061	1
21.2320	20.6374	20.1513	19.8800	1.081	0.271	1
21.8638	21.5407	21.4941	21.2926	0.370	0.201	1
22.2091	21.0743	21.0714	20.6754	1.138	0.396	1
20.9641	20.4197	20.4189	20.3303	0.545	0.089	1
21.3414	21.5378	21.5173	21.3820	-0.176	0.135	1
21.7926	21.0165	21.2162	20.9866	0.576	0.230	1
21.1067	20.5732	20.1337	20.0893	0.973	0.044	1
22.5249	22.1635	21.9175	21.3570	0.607	0.560	1
23.4336	21.0106	20.4936	20.2992	2.940	0.194	1
22.3417	21.4547	21.3398	21.2149	1.002	0.125	1
21.4960	21.3666	20.7831	20.5286	0.713	0.254	1
22.1203	20.5578	20.4212	20.2050	1.699	0.216	1
20.4965	20.0356	19.9521	20.0156	0.544	-0.063	1
21.2352	20.5256	20.4447	20.2807	0.791	0.164	1
22.2166	21.4253	21.1215	20.7335	1.095	0.388	1
21.4841	20.8282	20.7775	20.8387	0.707	-0.061	1
22.0073	21.8967	21.6682	21.2823	0.339	0.386	1
21.5140	20.7671	20.4542	20.2866	1.060	0.168	1
21.1758	20.8459	20.6207	20.5257	0.555	0.095	1
20.0744	19.2534	18.8141	18.4461	1.260	0.368	1
22.3802	21.3455	20.4713	19.9138	1.909	0.558	1
21.4300	20.8659	20.9114	20.7133	0.519	0.198	1
20.5866	19.8754	19.6446	19.5907	0.942	0.054	1
19.4101	18.8766	18.7662	18.6400	0.644	0.126	1
22.0792	21.5159	21.3125	21.0176	0.767	0.295	1
21.5564	20.3728	20.2779	20.1441	1.278	0.134	1
21.1158	20.5069	20.4352	20.1304	0.681	0.305	1
21.7309	21.1811	20.9202	20.7841	0.811	0.136	1
22.0539	21.2893	21.0938	20.5214	0.960	0.572	1
21.7459	20.9655	20.9500	20.9294	0.796	0.021	1
20.5528	20.2651	19.9171	19.7241	0.636	0.193	1
20.2874	19.9838	19.6488	19.3300	0.639	0.319	1
21.3230	21.0234	20.8773	20.6608	0.446	0.216	1
23.1141	21.9927	21.8011	21.9722	1.313	-0.171	1
22.3896	20.3129	19.7013	19.9253	2.688	-0.224	1
21.7874	20.9763	21.0918	21.1554	0.696	-0.064	1
20.3146	19.4364	19.3035	19.3635	1.011	-0.060	1
21.8536	21.5809	21.7600	21.5733	0.094	0.187	1
20.7670	20.5115	20.2633	20.2940	0.504	-0.031	1
23.9826	22.2411	21.8621	21.9412	2.120	-0.079	1
21.4771	21.2737	20.9763	20.9867	0.501	-0.010	1
20.9300	20.5259	19.9559	19.9464	0.974	0.010	1
20.9118	20.4543	20.3937	20.4397	0.518	-0.046	1
21.5159	21.1592	21.1054	21.3950	0.410	-0.290	1
21.2587	20.4579	20.5167	20.6363	0.742	-0.120	1
23.2759	21.3853	21.0376	21.1411	2.238	-0.104	1
21.6509	20.9018	20.8140	20.9607	0.837	-0.147	1
21.2100	20.8274	20.3070	20.4361	0.903	-0.129	1
23.0657	21.5885	21.3812	21.5845	1.684	-0.203	1
20.9140	20.0812	19.8877	20.0548	1.026	-0.167	1
22.5085	21.2910	20.9777	20.8646	1.531	0.113	1
21.0980	20.5112	20.4793	20.3136	0.619	0.166	1
20.9135	19.7261	18.3691	19.9019	2.544	-1.533	1
21.7277	20.9980	21.1737	21.2187	0.554	-0.045	1
20.7485	20.2853	20.1332	20.1021	0.615	0.031	1
22.2952	21.2804	21.1367	21.2233	1.159	-0.087	1
21.1603	20.6991	20.5940	20.5474	0.566	0.047	1
20.8224	20.3039	20.3070	20.3335	0.515	-0.027	1
21.1256	20.7136	20.6704	20.7644	0.455	-0.094	1
21.5573	20.8167	20.0539	19.6992	1.503	0.355	1
20.9651	20.3002	20.0521	20.1577	0.913	-0.106	1
22.4478	20.6112	20.4165	20.6592	2.031	-0.243	1
23.4143	21.9243	21.8261	21.8376	1.588	-0.012	1
20.5530	19.2167	19.0725	18.7487	1.480	0.324	1
21.1818	20.3226	20.4979	20.1166	0.684	0.381	1
22.4512	21.1786	20.8594	20.7120	1.592	0.147	1
21.5569	21.0590	20.9835	20.6038	0.573	0.380	1
22.3078	21.2869	21.2178	21.0890	1.090	0.129	1
20.7807	20.1902	20.4484	20.1609	0.332	0.288	1
22.2927	21.8663	21.7718	21.4003	0.521	0.372	1
19.9347	19.7877	19.8259	19.6858	0.109	0.140	1
19.6767	19.3120	19.0532	18.9696	0.624	0.084	1
21.3560	20.4894	20.2288	20.1796	1.127	0.049	1
20.5823	20.0315	19.9636	19.7845	0.619	0.179	1
21.0067	20.2769	20.0276	19.9217	0.979	0.106	1
20.3694	19.7454	19.4705	19.4016	0.899	0.069	1
22.7016	21.6332	20.8032	20.3647	1.898	0.438	1
21.4825	20.9827	20.7303	20.3871	0.752	0.343	1
20.3327	19.8997	19.8540	19.8800	0.479	-0.026	1
21.3119	19.4563	19.1439	19.0561	2.168	0.088	1
21.5345	21.2051	21.1074	21.1602	0.427	-0.053	1
21.3425	19.8709	19.5062	19.2471	1.836	0.259	1
22.7477	21.6651	21.4818	21.4392	1.266	0.043	1
20.6218	20.0767	19.9330	19.9143	0.689	0.019	1
21.3748	20.5801	20.6063	20.4571	0.768	0.149	1
21.8584	21.3986	21.5487	21.5939	0.310	-0.045	1
21.4360	20.8359	21.0138	20.9404	0.422	0.073	1
21.1248	20.6805	20.6980	20.6444	0.427	0.054	1
21.1638	20.7110	20.7927	20.7724	0.371	0.020	1
22.5567	21.2900	21.0799	21.1114	1.477	-0.031	1
20.2652	19.5625	19.3912	19.3236	0.874	0.068	1
21.0241	20.2792	20.1424	19.9227	0.882	0.220	1
21.8938	21.1894	20.8993	20.8419	0.995	0.057	1
20.4783	20.0044	19.8771	19.9178	0.601	-0.041	1
22.3785	21.7335	21.7166	21.7706	0.662	-0.054	1
21.5293	21.0903	21.0568	20.6935	0.472	0.363	1
21.1827	20.9424	20.8424	20.8137	0.340	0.029	1
20.6700	19.7298	19.6006	19.4708	1.069	0.130	1
21.4656	21.2202	21.0143	21.1391	0.451	-0.125	1
18.7518	18.0688	18.0598	17.9504	0.692	0.109	1
21.1920	20.8375	20.5248	20.1443	0.667	0.380	1
21.5331	20.3086	20.2190	20.1120	1.314	0.107	1
21.9876	21.5695	21.4843	21.5531	0.503	-0.069	1
22.3208	21.2234	20.4919	19.8470	1.829	0.645	1
20.1340	19.3728	19.3270	19.3676	0.807	-0.041	1
24.1013	22.0284	21.9576	21.5301	2.144	0.427	1
21.7071	21.0306	20.7191	20.4843	0.988	0.235	1
21.5211	19.7542	19.6242	19.5646	1.897	0.060	1
22.4260	21.3021	21.2311	21.0226	1.195	0.208	1
22.3227	21.2575	20.9227	20.4625	1.400	0.460	1
21.3512	20.5713	19.9876	19.7305	1.364	0.257	1
22.7330	21.4745	21.1152	21.1642	1.618	-0.049	1
24.2907	21.4617	21.2654	21.0542	3.025	0.211	1
22.0715	21.6182	21.4724	21.4423	0.599	0.030	1
23.1622	21.3324	21.2447	21.4973	1.918	-0.253	1
22.5273	22.0826	21.6139	21.8966	0.913	-0.283	1
22.4421	21.0009	20.6218	20.5593	1.820	0.063	1
21.1598	20.8461	20.9364	20.7826	0.223	0.154	1
21.5780	21.3849	21.3709	21.4586	0.207	-0.088	1
19.1802	18.2487	18.1698	18.1133	1.010	0.056	1
20.4223	19.7904	19.5512	19.4572	0.871	0.094	1
21.5660	21.2566	20.7764	20.6401	0.790	0.136	1
19.6488	19.0599	19.0286	18.9693	0.620	0.059	1
21.1913	20.7313	20.7484	20.4743	0.443	0.274	1
22.1593	20.9632	20.8693	21.2630	1.290	-0.394	1
21.8862	21.2354	21.2510	21.2956	0.635	-0.045	1
22.8389	21.9054	21.4652	21.3746	1.374	0.091	1
21.0392	20.7081	20.5612	20.3566	0.478	0.205	1
22.3150	21.6178	21.8509	21.9529	0.464	-0.102	1
20.8865	20.4841	20.6031	20.3328	0.283	0.270	1
21.9649	21.1001	20.6807	20.6144	1.284	0.066	1
21.8346	21.0750	20.8853	20.8210	0.949	0.064	1
22.6365	22.0413	21.7410	21.2827	0.896	0.458	1
21.4927	20.6629	20.4906	20.3371	1.002	0.154	1
21.8717	20.9258	20.7130	20.7384	1.159	-0.025	1
20.8912	20.0202	19.9805	19.9634	0.911	0.017	1
21.5191	20.8198	20.7474	20.7348	0.772	0.013	1
22.2194	20.7663	20.5949	20.6099	1.625	-0.015	1
22.1821	21.3529	21.1088	21.1224	1.073	-0.014	1
21.4458	20.8571	20.8892	20.9023	0.557	-0.013	1
21.2928	21.0520	20.9036	20.6932	0.389	0.210	1
21.5131	20.5559	20.4804	20.6728	1.033	-0.192	1
22.1353	21.4039	21.3575	21.4108	0.778	-0.053	1
22.1494	21.5525	21.5865	21.6314	0.563	-0.045	1
22.1361	20.7553	20.6572	20.8089	1.479	-0.152	1
22.9147	19.6004	19.0453	18.8215	3.869	0.224	1
20.7109	20.4195	20.2222	20.2322	0.489	-0.010	1
22.3174	21.0021	20.6730	20.5484	1.644	0.125	1
21.6820	20.6726	20.9512	20.9415	0.731	0.010	1
21.7856	21.0793	21.1988	21.2565	0.587	-0.058	1
22.5023	21.7437	21.8710	21.9081	0.631	-0.037	1
21.9385	20.7927	20.9917	20.9692	0.947	0.022	1
20.8406	20.4181	20.3838	20.3636	0.457	0.020	1
21.4416	21.0901	20.9430	21.0985	0.499	-0.155	1
20.1613	19.6136	19.7153	19.8659	0.446	-0.151	1
22.0367	21.6360	21.4562	21.5903	0.580	-0.134	1
22.8235	21.6073	21.3942	21.5589	1.429	-0.165	1
20.6843	19.9675	19.7132	19.6549	0.971	0.058	1
21.8348	21.2919	20.9489	20.5539	0.886	0.395	1
22.1028	21.7467	21.5913	21.3684	0.512	0.223	1
21.3691	20.0578	19.9001	19.9833	1.469	-0.083	1
22.2642	21.3332	21.1791	21.0399	1.085	0.139	1
22.2643	19.9224	19.6464	19.4599	2.618	0.187	1
20.9179	20.0026	19.9401	20.0026	0.978	-0.063	1
22.1240	20.7379	20.5480	20.4792	1.576	0.069	1
21.1646	20.6728	20.5037	20.4662	0.661	0.038	1
22.9399	21.4732	21.3668	21.3324	1.573	0.034	1
21.2770	21.0810	21.0770	21.0140	0.200	0.063	1
21.1995	20.5791	20.2185	19.8329	0.981	0.386	1
21.3538	20.8586	20.7293	20.6247	0.625	0.105	1
20.4488	19.8989	19.9234	19.8933	0.525	0.030	1
20.4931	20.0550	19.7514	19.4132	0.742	0.338	1
22.0917	21.6171	21.4071	20.9968	0.685	0.410	1
20.1788	19.6156	19.4688	19.5784	0.710	-0.110	1
22.7490	21.8947	21.8782	21.6675	0.871	0.211	1
21.3852	20.8767	20.8148	20.9311	0.570	-0.116	1
21.7515	20.9026	20.5587	20.0813	1.193	0.477	1
20.6717	20.1251	20.0794	19.9906	0.592	0.089	1
21.9890	21.3025	21.2407	21.3449	0.748	-0.104	1
21.5402	20.9804	20.8170	20.7832	0.723	0.034	1
20.8113	20.0878	19.9713	19.9252	0.840	0.046	1
20.6456	20.4423	20.4026	20.1197	0.243	0.283	1
21.6861	20.6300	20.7655	20.4763	0.921	0.289	1
21.8189	21.1830	21.1139	20.9848	0.705	0.129	1
22.3003	21.7919	21.8430	21.6916	0.457	0.151	1
23.6704	21.5972	21.2685	21.0426	2.402	0.226	1
21.6681	21.2737	21.1994	21.0898	0.469	0.110	1
21.4707	20.8256	20.6850	20.4854	0.786	0.200	1
20.8888	20.5623	20.2154	20.0882	0.673	0.127	1
22.0839	20.9227	20.8187	20.6943	1.265	0.124	1
20.6481	20.2997	20.2505	20.0691	0.398	0.181	1
19.8240	19.2288	19.2521	19.1903	0.572	0.062	1
20.2870	19.2128	18.9777	18.8984	1.309	0.079	1
23.5246	21.5047	21.4297	21.4135	2.095	0.016	1
21.8314	21.2564	20.8727	20.5137	0.959	0.359	1
21.6709	21.0059	21.1582	21.2035	0.513	-0.045	1
20.2675	19.9448	19.9000	19.7847	0.368	0.115	1
22.4726	21.7619	21.7554	22.0894	0.717	-0.334	1
22.2859	21.3445	21.0881	20.8134	1.198	0.275	1
19.2748	17.6809	17.4668	17.2884	1.808	0.178	1
21.0250	20.3968	20.3978	20.1919	0.627	0.206	1
22.8267	21.9180	21.6870	21.7272	1.140	-0.040	1
20.5318	19.8054	19.9757	19.9911	0.556	-0.015	1
21.3377	21.2993	21.5371	21.3141	-0.199	0.223	1
21.7231	20.5008	20.7246	20.3948	0.999	0.330	1
21.4486	21.0759	20.9470	20.7824	0.502	0.165	1
21.4883	20.8647	20.9495	20.7830	0.539	0.166	1
20.9618	19.6456	18.9549	18.6156	2.007	0.339	1
20.9838	19.5188	19.3435	19.3548	1.640	-0.011	1
21.3342	20.8287	20.8687	20.5785	0.465	0.290	1
22.6628	20.9548	20.6842	20.5434	1.979	0.141	1
21.2946	20.7228	20.7974	20.6592	0.497	0.138	1
20.9464	20.3460	20.2938	20.2453	0.653	0.049	1
21.3319	21.0658	21.1504	20.7216	0.181	0.429	1
21.0071	20.6435	20.5955	20.5286	0.412	0.067	1
22.5383	21.6791	21.6136	21.3780	0.925	0.236	1
20.9148	20.0436	20.1255	19.9347	0.789	0.191	1
21.1921	20.5484	20.6175	20.4510	0.575	0.167	1
21.4660	21.1654	21.1813	20.7361	0.285	0.445	1
21.9801	20.8383	20.6837	20.4849	1.296	0.199	1
21.7662	21.0127	21.0132	21.1484	0.753	-0.135	1
20.9126	20.5261	20.1491	19.8255	0.764	0.324	1
22.3983	21.7210	21.8555	21.6464	0.543	0.209	1
21.1895	20.6475	20.4168	20.1813	0.773	0.236	1
21.6538	21.3284	21.1527	21.0147	0.501	0.138	1
21.8046	21.1838	21.0920	20.9988	0.713	0.093	1
20.4683	19.8022	19.7268	19.6817	0.741	0.045	1
23.6032	21.5294	21.5171	21.5135	2.086	0.004	1
22.0951	21.4067	21.1932	21.0251	0.902	0.168	1
22.0705	21.5660	21.2679	20.8078	0.803	0.460	1
19.9931	19.3486	19.3607	19.2498	0.632	0.111	1
21.9885	21.3973	21.4733	21.5438	0.515	-0.070	1
22.5323	21.9015	21.7351	21.7124	0.797	0.023	1
21.5623	21.2692	21.1746	20.9632	0.388	0.211	1
21.1008	20.8170	20.6315	20.4070	0.469	0.225	1
24.9980	21.5387	21.3789	21.2036	3.619	0.175	1
20.6621	19.7184	19.3450	19.1861	1.317	0.159	1
21.8244	21.7528	21.4735	21.4862	0.351	-0.013	1
21.8692	21.3591	21.3593	21.2118	0.510	0.148	1
23.1905	22.0674	21.8920	21.9879	1.299	-0.096	1
21.6117	20.0779	19.9178	19.9073	1.694	0.010	1
20.4512	20.2070	20.0792	19.7761	0.372	0.303	1
23.0670	20.4882	20.0754	19.7193	2.992	0.356	1
22.3963	21.9486	21.8332	21.8224	0.563	0.011	1
21.5967	21.2491	20.9872	20.5356	0.610	0.452	1
23.7609	21.6192	21.3388	21.1153	2.422	0.224	1
18.4881	18.1682	18.1133	18.0786	0.375	0.035	1
21.9165	20.7841	20.6289	20.5406	1.288	0.088	1
19.3638	18.7452	18.2505	18.0654	1.113	0.185	1
21.2518	20.3503	20.2258	20.1768	1.026	0.049	1
21.8255	21.0030	21.0139	20.7296	0.812	0.284	1
19.9277	19.3485	19.3450	19.2946	0.583	0.050	1
19.9256	19.0951	19.0426	19.0555	0.883	-0.013	1
20.7221	20.4489	20.3185	20.0193	0.404	0.299	1
20.5020	20.0951	19.9764	19.7418	0.526	0.235	1
20.7076	20.3996	20.4300	20.0996	0.278	0.330	1
20.8729	20.0896	19.8754	19.8650	0.997	0.010	1
21.1520	20.4786	20.3520	20.2900	0.800	0.062	1
23.0501	21.4493	21.2389	21.1723	1.811	0.067	1
22.3793	21.2753	21.4256	21.2557	0.954	0.170	1
21.5897	20.8988	20.9500	20.8240	0.640	0.126	1
22.5963	20.7856	20.5292	20.5836	2.067	-0.054	1
20.8225	20.0075	19.8777	19.7660	0.945	0.112	1
19.5508	18.7666	18.6848	18.5215	0.866	0.163	1
21.9394	21.0976	20.9356	20.8033	1.004	0.132	1
21.5028	20.9414	20.9151	20.9269	0.588	-0.012	1
20.8012	19.8047	19.6345	19.5333	1.167	0.101	1
21.5058	20.9864	20.6095	20.5152	0.896	0.094	1
21.3963	20.6613	20.5252	20.5137	0.871	0.011	1
21.4535	21.1184	21.0569	20.8222	0.397	0.235	1
21.6184	21.0164	20.8669	20.7139	0.752	0.153	1
22.1990	20.7587	20.5663	20.3719	1.633	0.194	1
21.4536	20.5474	20.6524	20.3876	0.801	0.265	1
21.3837	20.6410	20.3285	20.2080	1.055	0.121	1
22.7738	20.1661	19.9167	19.9443	2.857	-0.028	1
21.5250	20.4649	20.2608	20.2356	1.264	0.025	1
21.7987	20.8796	20.7338	20.6372	1.065	0.097	1
22.5455	21.7788	21.6408	21.6205	0.905	0.020	1
21.4900	21.1306	20.9904	20.7311	0.500	0.259	1
21.3507	21.1132	20.9827	20.7843	0.368	0.198	1
21.8427	21.1677	20.8420	20.7560	1.001	0.086	1
20.3946	19.8784	19.7840	19.7155	0.611	0.069	1
21.3449	20.8551	20.5878	20.5382	0.757	0.050	1
20.1471	19.8001	19.6344	19.4970	0.513	0.137	1
20.3121	19.5028	19.4907	19.5460	0.821	-0.055	1
20.5789	20.1704	20.0306	19.8921	0.548	0.139	1
21.4068	20.6168	20.2356	19.9237	1.171	0.312	1
20.8697	20.4547	20.4666	20.3824	0.403	0.084	1
22.5063	21.6686	21.5306	21.5049	0.976	0.026	1
19.6060	19.2842	19.1168	19.0249	0.489	0.092	1
19.8293	19.0825	18.7108	18.5045	1.118	0.206	1
21.5676	21.1312	21.1121	21.1796	0.455	-0.067	1
22.9254	21.5860	21.2527	21.1331	1.673	0.120	1
22.5443	20.5780	20.3108	20.2750	2.233	0.036	1
22.0056	21.2625	21.3866	21.4326	0.619	-0.046	1
24.8839	21.2502	20.1469	20.1132	4.737	0.034	1
20.2334	19.6460	19.5941	19.4983	0.639	0.096	1
23.2383	21.3722	21.0687	21.0162	2.170	0.053	1
21.9104	20.7181	20.4649	20.5013	1.446	-0.036	1
19.1870	18.5979	18.7129	18.6125	0.474	0.100	1
21.8359	20.8164	20.6457	20.5506	1.190	0.095	1
21.3657	20.5494	20.3091	20.1227	1.057	0.186	1
23.4927	21.7009	21.6479	21.9069	1.845	-0.259	1
24.0830	21.7452	21.4425	21.5300	2.641	-0.088	1
20.4413	19.6100	19.4203	19.3330	1.021	0.087	1
22.6439	22.0056	21.9690	21.9568	0.675	0.012	1
19.1744	18.8818	18.8999	18.6810	0.274	0.219	1
21.4661	20.7909	20.4385	20.2070	1.028	0.231	1
20.6932	20.3422	20.1753	20.0276	0.518	0.148	1
20.3655	19.6037	19.4009	19.4490	0.965	-0.048	1
22.3678	21.7666	21.6885	21.7809	0.679	-0.092	1
23.2584	21.4432	20.7027	20.0266	2.556	0.676	1
21.4588	19.8702	19.6124	19.6314	1.846	-0.019	1
21.0882	20.1277	19.3447	19.1050	1.743	0.240	1
20.7082	20.1769	19.9524	19.8968	0.756	0.056	1
21.7151	20.9228	20.8630	21.0080	0.852	-0.145	1
23.0855	20.2914	19.9819	20.0108	3.104	-0.029	1
21.9356	21.5056	21.3979	21.2918	0.538	0.106	1
18.1239	18.1033	17.9862	17.6508	0.138	0.335	1
20.7326	20.5227	20.2087	20.2467	0.524	-0.038	1
21.7313	21.4028	21.2273	21.1890	0.504	0.038	1
20.5537	19.8658	19.4711	19.2883	1.083	0.183	1
21.8233	21.8432	21.9875	21.7324	-0.164	0.255	1
23.6743	19.8994	19.2536	19.1336	4.421	0.120	1
22.0924	21.3191	21.1420	21.2576	0.950	-0.116	1
21.0910	20.9972	20.9138	20.7512	0.177	0.163	1
23.0672	21.3179	21.1348	21.1407	1.932	-0.006	1
20.6329	20.0528	19.9503	20.0489	0.683	-0.099	1
20.8877	19.5877	19.3607	19.2077	1.527	0.153	1
22.0820	21.1223	21.2460	21.5958	0.836	-0.350	1
19.7528	19.1304	19.0268	18.9473	0.726	0.080	1
21.8478	20.9458	20.8644	20.8492	0.983	0.015	1
23.7127	20.9249	20.5210	20.2919	3.192	0.229	1
22.0186	21.3789	21.2898	21.3488	0.729	-0.059	1
20.9227	20.5245	20.5502	20.4351	0.373	0.115	1
21.9129	21.3067	20.3495	19.9560	1.563	0.394	1
20.7307	20.2106	20.1862	20.0769	0.545	0.109	1
22.0723	21.4514	21.1655	21.4793	0.907	-0.314	1
19.4187	19.3754	19.4252	19.1766	-0.007	0.249	1
21.4014	20.8394	21.0378	20.9671	0.364	0.071	1
22.4950	20.4569	20.4388	20.4493	2.056	-0.010	1
22.2908	21.5910	21.6941	21.4897	0.597	0.204	1
22.6220	21.8409	21.8374	21.3251	0.785	0.512	1
20.5908	20.1661	19.8626	19.5410	0.728	0.322	1
20.5009	19.9095	19.7833	19.6998	0.718	0.083	1
20.5628	19.9440	19.8721	19.9483	0.691	-0.076	1
20.6428	20.1252	19.9902	20.0215	0.653	-0.031	1
20.9300	20.3684	20.0777	20.0976	0.852	-0.020	1
21.4691	20.7400	20.5194	20.3206	0.950	0.199	1
20.7742	20.1179	19.6535	19.6020	1.121	0.052	1
22.4081	22.0586	21.9791	22.1086	0.429	-0.130	1
22.2803	21.6844	21.5151	21.6008	0.765	-0.086	1
21.3742	20.8009	20.6826	20.6639	0.692	0.019	1
19.9792	19.5851	19.5873	19.4367	0.392	0.151	1
21.8519	21.0551	21.0743	20.8391	0.778	0.235	1
20.8724	20.4767	20.4616	20.3471	0.411	0.115	1
21.2545	20.9123	20.7262	20.7924	0.528	-0.066	1
19.8675	19.4361	19.1798	19.1698	0.688	0.010	1
21.3154	20.4522	20.0730	19.6603	1.242	0.413	1
20.9492	20.4503	20.4439	20.3445	0.505	0.099	1
20.9940	20.7081	20.6864	20.4406	0.308	0.246	1
21.7349	21.1551	21.1771	20.9731	0.558	0.204	1
23.6176	21.7434	21.5974	21.7535	2.020	-0.156	1
20.8113	20.4704	20.3547	20.1964	0.457	0.158	1
22.0167	20.6082	20.2979	20.2913	1.719	0.007	1
19.8627	19.4175	19.3558	19.2119	0.507	0.144	1
21.7164	20.9627	20.7267	20.7064	0.990	0.020	1
20.5244	20.2574	20.1684	20.1562	0.356	0.012	1
19.6333	19.2125	19.0964	19.0915	0.537	0.005	1
20.4383	20.1361	19.8986	19.6473	0.540	0.251	1
20.5726	20.1110	20.0793	19.9802	0.493	0.099	1
21.2449	20.5971	20.1416	20.0403	1.103	0.101	1
22.5112	21.5197	21.2860	21.3153	1.225	-0.029	1
23.0052	20.7802	20.7534	20.9731	2.252	-0.220	1
21.6531	21.0660	20.9931	20.9442	0.660	0.049	1
20.2063	19.7879	19.5857	19.6125	0.621	-0.027	1
21.0062	19.8801	19.5651	19.4083	1.441	0.157	1
21.6134	20.9743	20.8487	20.8385	0.765	0.010	1
22.0379	21.0171	20.8097	20.5009	1.228	0.309	1
20.5357	19.8949	19.9477	19.8772	0.588	0.071	1
20.7418	20.5060	20.4786	20.2808	0.263	0.198	1
21.0069	20.3827	20.4545	20.3169	0.552	0.138	1
22.4444	21.7984	21.8099	21.5384	0.635	0.271	1
19.3496	18.6592	18.4756	18.3812	0.874	0.094	1
17.9565	17.7381	17.5624	17.4965	0.394	0.066	1
22.7696	20.3507	20.0112	20.0055	2.758	0.006	1
21.5681	20.9111	20.5192	20.4803	1.049	0.039	1
20.2841	19.9347	19.6812	19.5585	0.603	0.123	1
21.1409	20.4440	20.4373	20.3403	0.704	0.097	1
21.3434	20.5330	20.3705	20.2260	0.973	0.145	1
21.5733	20.8803	21.1251	21.1193	0.448	0.006	1
20.7557	19.5333	19.3920	19.2054	1.364	0.187	1
19.5833	19.1487	18.8792	18.7999	0.704	0.079	1
22.0020	21.1854	21.0738	20.9436	0.928	0.130	1
21.2711	20.3696	20.3218	20.1894	0.949	0.132	1
21.3766	20.6421	20.5139	20.5781	0.863	-0.064	1
22.2933	20.8620	20.6468	20.6258	1.647	0.021	1
19.2468	18.8401	18.9154	18.8073	0.331	0.108	1
22.0135	20.7935	20.2632	20.0294	1.750	0.234	1
22.5408	21.6820	21.5415	21.4383	0.999	0.103	1
20.2043	19.4365	19.4986	19.4334	0.706	0.065	1
22.2380	21.2942	21.1264	21.2544	1.112	-0.128	1
22.2551	21.7016	21.9121	21.5173	0.343	0.395	1
21.5178	20.7935	20.5886	20.6554	0.929	-0.067	1
22.9606	21.6733	21.1991	20.8355	1.761	0.364	1
21.7063	21.1177	21.1686	21.0323	0.538	0.136	1
19.6593	19.0382	19.0429	19.0425	0.616	0.000	1
22.6419	21.8353	21.6817	21.4950	0.960	0.187	1
23.6212	20.2251	19.3429	19.3106	4.278	0.032	1
21.0194	20.3755	20.2378	20.2635	0.782	-0.026	1
21.0996	20.3685	19.7840	19.5590	1.316	0.225	1
22.9614	21.7581	21.5986	21.6384	1.363	-0.040	1
19.6460	19.2862	19.0026	18.6514	0.643	0.351	1
20.0293	19.2639	19.1331	18.9561	0.896	0.177	1
21.7401	21.3044	21.1973	21.3119	0.543	-0.115	1
23.2452	22.1206	21.4116	21.0706	1.834	0.341	1
22.0803	21.3144	21.2096	21.1501	0.871	0.059	1
20.9637	20.3476	20.4585	20.3447	0.505	0.114	1
20.6453	20.2507	20.0842	20.0497	0.561	0.035	1
22.6464	21.8080	21.5604	21.5389	1.086	0.021	1
21.7792	21.1521	20.9471	20.7837	0.832	0.163	1
22.2278	21.5320	21.5062	21.4254	0.722	0.081	1
22.2247	21.6318	21.6053	21.6399	0.619	-0.035	1
22.4622	21.5551	21.4499	21.4428	1.012	0.007	1
20.9064	20.0989	20.0472	19.9433	0.859	0.104	1
19.9116	19.2755	19.1777	19.1305	0.734	0.047	1
21.4390	20.8239	20.7122	20.5968	0.727	0.115	1
21.1421	20.6474	20.5185	20.6708	0.624	-0.152	1
21.7709	20.6307	20.3259	19.9804	1.445	0.345	1
21.8186	20.9821	20.9054	21.2055	0.913	-0.300	1
21.6486	20.9415	20.8908	20.9475	0.758	-0.057	1
22.2424	21.5505	21.5471	21.4008	0.695	0.146	1
22.9642	21.3337	21.0377	21.1225	1.926	-0.085	1
23.2718	20.6373	20.6266	20.6252	2.645	0.001	1
22.0482	21.4053	21.4627	21.3789	0.586	0.084	1
22.1245	21.7265	21.6443	21.3306	0.480	0.314	1
21.0743	20.4162	20.4444	20.3999	0.630	0.045	1
19.6282	19.6903	19.6725	19.3202	-0.044	0.352	1
22.4314	21.2561	21.0639	21.0936	1.368	-0.030	1
21.7472	20.9769	20.6120	20.6423	1.135	-0.030	1
23.0295	21.9219	21.9144	21.8024	1.115	0.112	1
21.3181	20.5121	20.5066	20.4146	0.812	0.092	1
21.4124	20.6712	20.5375	20.5403	0.875	-0.003	1
21.1280	20.7459	20.7926	20.5292	0.335	0.263	1
22.2358	21.7089	21.8776	21.7630	0.358	0.115	1
21.0061	20.2527	20.2666	20.2176	0.740	0.049	1
21.8732	20.7697	20.4868	20.1527	1.386	0.334	1
22.0242	21.6515	21.4743	21.3505	0.550	0.124	1
22.5439	21.9228	21.8244	21.5250	0.719	0.299	1
23.1753	22.0557	21.9675	22.0335	1.208	-0.066	1
21.3726	20.8752	20.8511	20.7677	0.521	0.083	1
22.0400	21.6121	21.5226	21.3154	0.517	0.207	1
21.8019	20.9463	21.1407	21.0335	0.661	0.107	1
23.9533	20.9953	19.8418	19.7145	4.111	0.127	1
18.4040	18.1380	18.0815	17.9630	0.323	0.118	1
22.7362	21.9448	21.8439	22.0652	0.892	-0.221	1
21.0751	20.5027	20.4909	20.3453	0.584	0.146	1
21.4598	19.9728	19.8213	19.7787	1.639	0.043	1
22.7193	21.7880	21.5738	21.3691	1.146	0.205	1
20.0131	19.9437	20.0292	19.8967	-0.016	0.132	1
22.3243	21.6961	21.9190	21.7096	0.405	0.209	1
21.4825	20.8390	20.9755	20.9724	0.507	0.003	1
21.3399	20.5752	20.4454	20.4724	0.894	-0.027	1
22.5207	21.4405	21.5135	21.4154	1.007	0.098	1
22.0720	21.3032	21.3906	21.3474	0.681	0.043	1
20.5884	20.3846	20.1149	20.2194	0.473	-0.104	1
21.6362	20.5116	19.8463	19.6207	1.790	0.226	1
20.7836	19.4423	19.2427	19.1550	1.541	0.088	1
22.1016	21.4470	21.5824	21.4795	0.519	0.103	1
20.5920	20.0430	19.9795	20.0013	0.612	-0.022	1
20.6850	20.1499	20.0391	19.9850	0.646	0.054	1
22.4025	20.0183	19.8732	19.8829	2.529	-0.010	1
24.3156	21.6634	21.4164	21.3516	2.899	0.065	1
22.6415	21.8778	21.9473	22.0573	0.694	-0.110	1
21.6255	20.8612	20.7895	20.8544	0.836	-0.065	1
23.9629	21.5679	21.3705	21.1677	2.592	0.203	1
21.2655	20.4931	20.3265	20.2714	0.939	0.055	1
21.9779	21.3571	20.8611	20.3773	1.117	0.484	1
22.7295	21.6504	21.5499	21.4726	1.180	0.077	1
22.4682	21.6738	21.4779	21.3434	0.990	0.135	1
22.3590	21.3776	21.4689	21.3339	0.890	0.135	1
22.7029	21.3314	20.9199	20.8399	1.783	0.080	1
21.4637	20.5002	20.4061	20.3672	1.058	0.039	1
20.7350	20.2525	20.1806	20.1268	0.554	0.054	1
22.0209	20.5148	20.3881	20.3751	1.633	0.013	1
22.6351	21.7114	20.5868	20.1761	2.048	0.411	0
22.9887	21.7964	21.2872	21.0195	1.701	0.268	0
21.3441	20.4096	19.8973	19.5411	1.447	0.356	0
23.7673	22.4586	21.7729	21.2482	1.994	0.525	0
19.7437	19.5668	19.2661	19.3010	0.478	-0.035	0
22.2810	21.3968	20.9953	20.7558	1.286	0.240	0
22.3976	21.5267	21.0898	20.9375	1.308	0.152	0
23.4134	22.2139	21.3438	20.8413	2.070	0.503	0
20.8900	19.3470	18.7652	18.5671	2.125	0.198	0
23.1128	19.9400	18.4632	16.7230	4.650	1.740	0
20.8856	19.7971	19.4418	19.2620	1.444	0.180	0
21.5723	18.9118	17.8274	17.4010	3.745	0.426	0
22.0445	20.1970	19.4950	19.2569	2.549	0.238	0
19.9413	18.2804	17.6778	17.4253	2.264	0.252	0
24.7080	22.1690	21.2180	20.7700	3.490	0.448	0
15.4433	15.7592	15.5975	14.7064	-0.154	0.891	0
19.7988	18.7091	18.3457	18.1683	1.453	0.177	0
22.7260	22.1572	21.4795	21.1160	1.247	0.364	0
19.5070	18.2659	17.7990	17.6505	1.708	0.149	0
23.3033	20.1536	18.7355	17.3501	4.568	1.385	0
23.7882	22.1863	21.5461	21.4454	2.242	0.101	0
22.1785	21.2455	20.8140	20.6791	1.365	0.135	0
22.3862	22.0245	21.4830	21.2745	0.903	0.208	0
22.7432	19.9475	18.5904	17.5208	4.153	1.070	0
23.3987	22.0755	21.3751	21.0975	2.024	0.278	0
24.2191	22.2970	21.3200	21.0231	2.899	0.297	0
22.3275	21.1663	20.8974	20.8142	1.430	0.083	0
22.9817	22.4780	21.7874	21.4385	1.194	0.349	0
21.7700	20.7521	20.3559	20.1491	1.414	0.207	0
22.1374	19.4166	18.0164	17.3657	4.121	0.651	0
25.3484	21.9317	20.4427	19.2598	4.906	1.183	0
22.1163	21.6280	20.6831	20.3756	1.433	0.307	0
24.2584	22.2076	21.4208	20.9067	2.838	0.514	0
19.1639	17.9737	17.5460	17.3457	1.618	0.200	0
22.6304	21.8923	20.9306	20.2134	1.700	0.717	0
19.4980	18.4624	18.1634	18.0521	1.335	0.111	0
22.3578	22.0078	21.8481	21.4944	0.510	0.354	0
24.0457	22.2835	21.3205	20.9327	2.725	0.388	0
21.9034	19.0733	17.6774	16.9953	4.226	0.682	0
22.0154	21.1189	20.7728	20.5662	1.243	0.207	0
23.4603	21.3934	20.6271	20.2636	2.833	0.364	0
23.0151	21.0831	20.2600	19.7689	2.755	0.491	0
23.0181	20.2345	18.8930	18.1740	4.125	0.719	0
23.2983	22.0856	21.6584	21.3121	1.640	0.346	0
24.8150	22.2508	21.4409	21.1921	3.374	0.249	0
21.7294	20.7410	20.4911	20.3068	1.238	0.184	0
22.8535	21.4842	21.0366	20.7267	1.817	0.310	0
23.3730	22.5698	21.8168	21.2708	1.556	0.546	0
21.6870	19.1415	17.8288	17.1626	3.858	0.666	0
21.9894	20.8433	20.4341	20.2227	1.555	0.211	0
20.4118	19.3971	19.0950	18.9641	1.317	0.131	0
18.9819	17.7662	17.2898	17.0498	1.692	0.240	0
19.8291	18.9195	18.6294	18.4675	1.200	0.162	0
20.6028	19.4415	19.0065	18.8512	1.596	0.155	0
23.8193	21.4761	20.6527	20.2721	3.167	0.381	0
23.7222	22.1574	21.4879	21.1917	2.234	0.296	0
22.2489	22.2200	21.6773	21.2245	0.572	0.453	0
23.4769	21.5408	20.7267	20.3478	2.750	0.379	0
21.8096	20.1521	19.4184	19.1076	2.391	0.311	0
21.2302	18.7952	17.8000	17.3588	3.430	0.441	0
23.4015	21.9245	21.4617	21.1132	1.940	0.349	0
20.5394	19.5465	19.2357	19.1356	1.304	0.100	0
20.8903	19.9280	19.7783	19.7146	1.112	0.064	0
20.7291	19.2464	18.6470	18.4156	2.082	0.231	0
25.5527	21.7342	21.4321	21.2632	4.121	0.169	0
24.5589	22.6003	21.9025	21.7145	2.656	0.188	0
23.8173	21.3216	20.1120	19.5771	3.705	0.535	0
19.6926	18.4537	17.9954	17.7581	1.697	0.237	0
22.6175	21.9782	21.4404	21.1299	1.177	0.310	0
22.6425	21.2827	20.2567	19.4878	2.386	0.769	0
22.7925	20.7391	20.3062	20.0039	2.486	0.302	0
24.0229	22.2615	20.9364	20.3731	3.087	0.563	0
23.9272	21.8478	21.0723	20.7915	2.855	0.281	0
23.7958	21.3339	20.2560	19.8045	3.540	0.451	0
21.2796	20.1567	19.5635	19.2335	1.716	0.330	0
21.0967	20.0567	19.5979	19.4208	1.499	0.177	0
22.0007	19.3329	17.8316	16.8497	4.169	0.982	0
18.9807	17.7974	17.4216	17.2625	1.559	0.159	0
15.2667	15.5958	15.4423	14.5733	-0.176	0.869	0
24.1539	22.4593	21.8842	21.5778	2.270	0.306	0
22.9236	21.5722	21.0493	20.8008	1.874	0.248	0
22.5609	19.9761	18.6413	17.9952	3.920	0.646	0
22.8330	20.0532	18.5214	17.3390	4.312	1.182	0
23.0361	21.8954	21.4993	21.3208	1.537	0.178	0
23.4945	22.2273	21.9051	21.6615	1.589	0.244	0
22.8266	22.3599	21.9414	21.4171	0.885	0.524	0
20.8454	19.8489	19.6447	19.5212	1.201	0.123	0
23.5557	22.8409	21.7842	21.2474	1.771	0.537	0
22.1776	22.3119	21.7393	21.6732	0.438	0.066	0
20.8538	19.8127	19.4770	19.3749	1.377	0.102	0
22.3899	20.9583	20.2100	19.7372	2.180	0.473	0
24.3582	21.3305	20.0008	18.6816	4.357	1.319	0
24.1772	22.9521	21.6299	21.3768	2.547	0.253	0
20.5289	19.5273	19.2667	19.1400	1.262	0.127	0
22.9778	21.7887	21.1751	20.9108	1.803	0.264	0
23.2130	21.5359	20.9331	20.6396	2.280	0.293	0
20.5877	17.9412	16.8051	16.3420	3.783	0.463	0
21.5509	21.4040	21.4739	21.5617	0.077	-0.088	0
20.8984	19.7704	19.3246	19.0449	1.574	0.280	0
23.6421	22.4379	21.8620	21.1431	1.780	0.719	0
23.2940	21.5683	20.3209	19.8245	2.973	0.496	0
23.3428	22.1018	21.7433	21.6104	1.600	0.133	0
19.9629	19.5377	19.2440	18.9985	0.719	0.245	0
23.4498	21.4007	20.8984	20.5983	2.551	0.300	0
23.6341	22.4559	21.6106	20.9956	2.024	0.615	0
23.9320	21.9778	21.0968	21.0159	2.835	0.081	0
21.5197	20.4463	20.0797	19.9193	1.440	0.160	0
24.2577	21.3967	20.0101	19.1995	4.248	0.811	0
22.7008	21.5579	21.0622	20.9615	1.639	0.101	0
23.2314	22.0247	21.6643	21.3312	1.567	0.333	0
23.5122	22.3876	21.2642	20.8060	2.248	0.458	0
23.9041	22.4879	21.8708	21.6655	2.033	0.205	0
22.9982	20.4871	19.3999	18.9477	3.598	0.452	0
23.7744	21.0213	19.7135	19.1539	4.061	0.560	0
22.0041	19.3078	18.0908	17.5185	3.913	0.572	0
23.7864	21.2080	19.9109	18.6314	3.875	1.280	0
21.5067	19.1643	18.1087	17.6870	3.398	0.422	0
25.1940	22.8729	21.7710	21.5209	3.423	0.250	0
24.0634	22.3045	21.3986	21.0590	2.665	0.340	0
22.6608	21.8223	21.0094	20.6261	1.651	0.383	0
24.2637	22.6341	21.9805	22.0029	2.283	-0.022	0
23.9057	22.0547	21.4647	20.9671	2.441	0.498	0
22.0923	19.9049	18.9876	18.6396	3.105	0.348	0
24.3155	22.3325	21.4403	21.2363	2.875	0.204	0
21.2658	20.1433	19.6728	19.3813	1.593	0.292	0
19.4597	18.4900	18.2954	18.1809	1.164	0.115	0
23.0631	22.1292	21.3807	21.0632	1.682	0.317	0
22.6750	21.8604	21.2764	21.0367	1.399	0.240	0
22.4410	19.8306	18.5065	17.6801	3.934	0.826	0
21.9996	20.0165	19.1748	18.8687	2.825	0.306	0
23.1159	22.1102	21.2623	20.6830	1.854	0.579	0
21.8567	20.5758	20.0320	19.7825	1.825	0.250	0
23.5840	22.7165	21.4234	20.7226	2.161	0.701	0
24.6904	21.9870	20.6670	19.5333	4.023	1.134	0
23.1441	22.3638	21.8695	21.6218	1.275	0.248	0
23.2364	22.2017	21.8296	21.7620	1.407	0.068	0
24.0172	21.9516	21.3329	20.4443	2.684	0.889	0
23.6326	22.4572	21.9004	21.5419	1.732	0.358	0
24.0932	22.4460	21.3918	20.7951	2.701	0.597	0
22.7683	21.4108	20.8170	20.4303	1.951	0.387	0
24.0157	22.6068	21.4920	21.4595	2.524	0.033	0
24.0904	21.3996	20.1050	19.6644	3.985	0.441	0
20.0360	18.7656	18.1994	17.9958	1.837	0.204	0
21.9410	19.4078	18.3361	17.8386	3.605	0.497	0
23.4126	24.0815	21.7927	20.7843	1.620	1.008	0
22.1398	20.9845	20.5645	20.3528	1.575	0.212	0
23.9106	22.6871	21.6772	21.3959	2.233	0.281	0
22.1677	19.9534	18.9503	18.5439	3.217	0.406	0
23.8307	20.9057	19.6251	18.3985	4.206	1.227	0
21.5168	18.6972	17.3233	16.4149	4.194	0.908	0
25.5932	22.8660	21.8411	21.3845	3.752	0.457	0
22.1293	19.4923	18.3232	17.8374	3.806	0.486	0
23.9000	21.9105	20.1510	19.5211	3.749	0.630	0
24.0710	21.0545	19.6455	18.3859	4.425	1.260	0
23.2400	20.4710	19.1952	18.6317	4.045	0.563	0
23.5809	22.7601	21.9802	21.6658	1.601	0.314	0
23.7369	22.4710	21.9555	21.7948	1.781	0.161	0
23.6714	20.9189	19.5772	18.5780	4.094	0.999	0
22.6624	20.6570	19.7952	19.4245	2.867	0.371	0
23.2448	22.5966	21.6106	21.0794	1.634	0.531	0
22.5799	19.7958	18.3805	17.6909	4.199	0.690	0
21.7050	20.5775	20.2414	20.0911	1.464	0.150	0
21.6941	20.7660	20.5210	20.3404	1.173	0.181	0
19.1729	17.8834	17.4526	17.2426	1.720	0.210	0
21.9952	20.9318	20.7753	20.6310	1.220	0.144	0
23.1462	20.0688	18.6401	17.4927	4.506	1.147	0
22.5442	21.7488	21.4491	21.4372	1.095	0.012	0
23.5263	22.7174	21.9995	21.8576	1.527	0.142	0
23.3400	22.4903	21.8871	21.8478	1.453	0.039	0
22.2453	22.0335	21.4496	21.3295	0.796	0.120	0
22.4202	19.8884	18.5085	17.0206	3.912	1.488	0
22.7806	19.8812	18.5018	17.7118	4.279	0.790	0
23.1609	22.1551	21.3279	21.0690	1.833	0.259	0
22.8485	21.5736	21.1130	21.0071	1.735	0.106	0
21.9933	20.9772	20.7349	20.6071	1.258	0.128	0
22.3371	21.3733	20.8948	20.5958	1.442	0.299	0
21.1081	19.2756	18.4985	18.2349	2.610	0.264	0
21.6169	20.6090	20.2830	20.1238	1.334	0.159	0
24.6636	23.3069	21.7471	21.1734	2.917	0.574	0
24.1762	20.9308	19.5597	18.5061	4.617	1.054	0
21.3218	20.3709	20.0563	19.9044	1.266	0.152	0
22.3653	21.4384	20.4598	19.9125	1.905	0.547	0
22.3768	19.5603	18.1350	17.1891	4.242	0.946	0
22.9973	21.9829	21.5328	21.4276	1.464	0.105	0
21.1087	20.1869	19.8763	19.7305	1.232	0.146	0
19.6416	18.2192	17.6743	17.4176	1.967	0.257	0
20.8066	19.7767	19.3844	19.0637	1.422	0.321	0
22.9728	21.6321	21.5527	21.6761	1.420	-0.123	0
22.0903	22.0664	21.9580	21.6704	0.132	0.288	0
23.7328	21.8501	21.1471	20.7968	2.586	0.350	0
19.5768	17.8067	17.1787	16.9344	2.398	0.244	0
25.7631	22.1995	21.0969	20.6750	4.666	0.422	0
21.5125	21.3151	21.4631	20.9331	0.049	0.530	0
24.8806	22.7517	21.8056	21.4953	3.075	0.310	0
23.8674	22.3756	21.9268	21.4820	1.941	0.445	0
23.2703	22.1701	21.1730	20.4947	2.097	0.678	0
24.0748	22.4494	21.9272	22.2389	2.148	-0.312	0
24.1218	22.6639	21.5539	21.6965	2.568	-0.143	0
21.9734	21.0025	20.7882	20.6417	1.185	0.146	0
22.9866	20.4387	19.0422	18.5361	3.944	0.506	0
24.2424	22.4269	21.7778	21.4793	2.465	0.299	0
23.1752	21.6937	21.2512	20.9084	1.924	0.343	0
23.3210	20.6014	19.2812	18.1370	4.040	1.144	0
23.1492	20.4189	18.9334	18.3865	4.216	0.547	0
21.6358	20.8544	20.3933	20.0653	1.243	0.328	0
22.3826	21.3739	20.5962	20.2708	1.786	0.325	0
23.0087	20.3155	18.9561	18.1698	4.053	0.786	0
24.7729	22.2667	20.6708	19.8722	4.102	0.799	0
24.3951	22.5246	21.7733	21.4305	2.622	0.343	0
21.4557	21.3497	21.4912	21.0877	-0.035	0.403	0
22.8401	21.5389	20.7359	20.3843	2.104	0.352	0
24.8450	21.6842	20.4191	19.4739	4.426	0.945	0
20.6262	18.6258	17.8840	17.5772	2.742	0.307	0
25.3884	22.7643	21.8922	20.9427	3.496	0.950	0
22.3754	20.4518	19.7028	19.4281	2.673	0.275	0
22.4904	21.1284	20.7060	20.4912	1.784	0.215	0
22.4603	21.1122	20.5057	20.1548	1.955	0.351	0
23.0210	21.9193	21.1185	20.6937	1.903	0.425	0
22.2628	20.1978	19.3930	19.0447	2.870	0.348	0
24.2538	22.9648	21.7814	21.0680	2.472	0.713	0
22.9150	22.0606	21.6130	21.2830	1.302	0.330	0
24.1010	21.7744	20.8376	20.5387	3.263	0.299	0
21.0507	19.9134	19.5514	19.3232	1.499	0.228	0
23.2699	20.6739	19.4838	18.9881	3.786	0.496	0
21.3263	18.5483	17.1106	16.2940	4.216	0.817	0
21.2775	21.2294	21.3879	20.9661	-0.110	0.422	0
23.3965	22.6864	21.8512	21.5036	1.545	0.348	0
20.9899	19.9529	19.7139	19.5698	1.276	0.144	0
24.4962	21.2995	19.8545	18.3215	4.642	1.533	0
22.5591	22.2628	21.3870	21.0297	1.172	0.357	0
24.1258	21.0450	19.7636	19.0718	4.362	0.692	0
21.0774	19.8040	19.3198	19.1011	1.758	0.219	0
23.3629	21.8092	21.3648	21.1287	1.998	0.236	0
24.6532	22.6901	21.8696	21.7342	2.784	0.135	0
22.9274	22.0077	21.2848	20.7890	1.643	0.496	0
23.5879	21.9021	21.1784	20.8940	2.410	0.284	0
22.5324	21.5570	21.1224	20.8750	1.410	0.247	0
24.4587	21.3361	20.0162	19.4208	4.443	0.595	0
23.0219	22.0049	21.5902	21.5002	1.432	0.090	0
23.0919	22.4195	21.5455	21.4103	1.546	0.135	0
22.5029	21.3963	20.9714	20.8227	1.531	0.149	0
23.2477	22.1952	21.3086	20.8538	1.939	0.455	0
23.5234	22.6247	21.6581	21.1395	1.865	0.519	0
23.7634	21.8961	20.5446	20.0322	3.219	0.512	0
22.1639	21.4716	21.1902	20.9914	0.974	0.199	0
23.3390	22.3559	21.4798	21.2590	1.859	0.221	0
21.7638	20.5029	20.0004	19.7994	1.763	0.201	0
22.6232	19.7951	18.2921	17.7870	4.331	0.505	0
22.3887	20.7549	20.1543	19.8726	2.234	0.282	0
22.7562	21.4737	20.9068	20.5789	1.849	0.328	0
20.0713	18.0687	17.2974	17.0088	2.774	0.289	0
22.5192	21.6614	21.3901	21.2601	1.129	0.130	0
21.6232	20.8381	20.4330	20.0846	1.190	0.348	0
23.1560	21.8101	20.6786	19.8150	2.477	0.864	0
23.1196	20.4962	19.1893	18.5106	3.930	0.679	0
23.9321	20.9843	19.7266	19.1807	4.205	0.546	0
23.4310	22.2693	21.9519	21.8848	1.479	0.067	0
23.2824	22.5386	21.1904	20.0413	2.092	1.149	0
22.1985	21.0721	20.7749	20.6045	1.424	0.170	0
25.0404	21.4798	20.1150	18.6924	4.925	1.423	0
22.0237	21.2101	20.5755	20.4131	1.448	0.162	0
24.8670	22.0758	21.7973	21.4968	3.070	0.301	0
22.5022	21.2877	20.8497	20.4716	1.652	0.378	0
24.3561	22.7754	21.9437	21.4864	2.412	0.457	0
23.3699	22.0586	21.5567	21.3783	1.813	0.178	0
23.2603	22.6970	21.9977	21.9388	1.263	0.059	0
20.7236	20.4542	20.7720	21.0958	-0.048	-0.324	0
17.4191	15.7768	16.6794	14.9519	0.740	1.727	0
22.0361	20.9902	20.6408	20.4800	1.395	0.161	0
22.0157	20.9189	20.3416	20.0203	1.674	0.321	0
23.9952	20.6980	19.2393	17.6161	4.756	1.623	0
23.5606	22.1525	21.4017	21.1769	2.159	0.225	0
20.2375	18.5507	17.8680	17.5867	2.369	0.281	0
24.9750	23.1042	21.9568	21.4262	3.018	0.531	0
23.4272	22.5918	21.9192	21.6497	1.508	0.270	0
20.7515	19.5127	18.9955	18.7600	1.756	0.236	0
23.4660	22.3751	21.9497	21.5214	1.516	0.428	0
20.7761	19.5429	19.2077	19.0449	1.568	0.163	0
22.7187	22.1063	21.6485	21.3926	1.070	0.256	0
22.8892	20.5562	19.6252	19.3223	3.264	0.303	0
23.0088	22.4659	21.6949	21.6865	1.314	0.008	0
23.2153	20.4221	19.0312	18.0864	4.184	0.945	0
23.8544	22.4388	21.2101	21.0453	2.644	0.165	0
22.6083	21.3655	21.4087	21.3397	1.200	0.069	0
21.9061	20.8701	20.6055	20.3498	1.301	0.256	0
23.9507	22.2545	21.6186	21.1783	2.332	0.440	0
23.6644	20.8690	19.4605	18.9755	4.204	0.485	0
24.8384	23.6020	21.0812	20.8181	3.757	0.263	0
22.7596	19.9636	18.5624	17.3847	4.197	1.178	0
22.0039	21.1951	20.4124	20.2488	1.592	0.164	0
22.9466	21.7832	20.7065	20.1260	2.240	0.580	0
22.7809	21.8715	21.5218	21.1884	1.259	0.333	0
24.7714	22.9369	21.9017	21.6426	2.870	0.259	0
18.1383	16.9959	17.8674	16.4086	0.271	1.459	0
23.9195	22.4401	21.9405	22.0857	1.979	-0.145	0
22.5911	22.3924	21.7097	21.3338	0.881	0.376	0
24.3837	22.4873	21.2391	20.8935	3.145	0.346	0
15.7484	15.7133	15.3069	14.4368	0.441	0.870	0
20.4810	19.4869	19.2898	19.1599	1.191	0.130	0
22.4841	21.7958	20.8505	20.5933	1.634	0.257	0
25.0006	22.8690	21.8434	21.6489	3.157	0.194	0
25.4645	22.0436	21.1676	20.8596	4.297	0.308	0
22.1714	21.5729	21.4124	21.4309	0.759	-0.019	0
21.0278	19.9467	19.5962	19.5003	1.432	0.096	0
18.8204	18.0649	17.8741	17.7863	0.946	0.088	0
21.5674	20.4739	19.5320	19.0303	2.035	0.502	0
22.7469	21.8751	21.1814	21.0282	1.566	0.153	0
23.8636	22.3208	21.4839	21.1782	2.380	0.306	0
22.0206	20.5885	20.0476	19.7913	1.973	0.256	0
24.9686	22.6269	21.2980	20.7560	3.671	0.542	0
22.4803	19.6154	18.1844	16.8036	4.296	1.381	0
24.9015	21.0051	19.4931	18.9554	5.408	0.538	0
23.8321	22.2143	21.6030	21.3108	2.229	0.292	0
22.5308	21.3019	20.9294	20.7515	1.601	0.178	0
23.4766	22.5535	21.9862	21.4397	1.490	0.547	0
21.5253	20.4573	20.2021	20.1078	1.323	0.094	0
23.4895	22.2609	21.6865	21.5672	1.803	0.119	0
24.2120	22.5337	21.9145	21.7449	2.298	0.170	0
23.1556	21.9662	21.5902	21.4338	1.565	0.156	0
21.3972	20.3685	20.1285	20.0168	1.269	0.112	0
23.0512	22.0997	21.4886	21.4042	1.563	0.084	0
22.9780	22.0366	21.2743	20.4274	1.704	0.847	0
23.1976	22.1506	21.5395	21.2386	1.658	0.301	0
25.1679	21.7614	20.4424	19.8357	4.726	0.607	0
22.4719	22.2165	21.8775	21.7339	0.594	0.144	0
23.1014	22.4549	21.9486	21.9846	1.153	-0.036	0
22.3202	21.3512	20.5286	19.5046	1.792	1.024	0
23.4867	20.5046	19.1231	18.0076	4.364	1.115	0
22.2860	19.7018	18.4274	17.8375	3.859	0.590	0
23.0615	22.1340	21.4606	21.3048	1.601	0.156	0
24.7146	22.4808	21.7384	21.3696	2.976	0.369	0
19.8539	17.9453	17.2258	16.9176	2.628	0.308	0
22.8647	22.0352	21.4535	21.1887	1.411	0.265	0
21.4562	18.8329	17.5077	16.4873	3.948	1.020	0
22.4031	21.4077	21.0365	20.7866	1.367	0.250	0
23.2854	22.3928	21.5382	21.0475	1.747	0.491	0
23.2562	22.1578	21.8360	21.6940	1.420	0.142	0
25.4111	23.6431	21.8046	19.8555	3.607	1.949	0
21.7012	20.7075	20.5177	20.3779	1.184	0.140	0
21.9543	20.4212	19.3527	18.9053	2.602	0.447	0
20.6596	18.9688	18.2447	17.9129	2.415	0.332	0
22.1450	21.4255	20.5173	20.3081	1.628	0.209	0
23.1809	21.8345	20.8151	20.4196	2.366	0.396	0
22.6725	21.6044	21.1337	20.9126	1.539	0.221	0
19.5933	18.2022	17.6605	17.4634	1.933	0.197	0
24.4544	22.0376	21.2138	21.0243	3.241	0.190	0
21.6179	18.9584	17.6978	17.0954	3.920	0.602	0
22.9449	20.3737	19.2235	18.6815	3.721	0.542	0
23.5698	21.7514	21.2693	20.9869	2.300	0.282	0
22.6535	21.9431	21.1957	20.9431	1.458	0.253	0
23.2132	21.6426	20.4624	19.9519	2.751	0.510	0
22.9252	20.3649	19.0622	18.3592	3.863	0.703	0
22.6916	21.7234	21.5432	21.3910	1.148	0.152	0
23.2582	20.9545	19.6739	19.2388	3.584	0.435	0
22.8649	21.7967	21.2577	21.0257	1.607	0.232	0
23.1162	20.3355	18.9880	17.7899	4.128	1.198	0
24.0521	22.3701	21.7029	21.4201	2.349	0.283	0
21.4413	20.4767	20.1612	20.0768	1.280	0.084	0
23.8501	22.7784	21.4192	20.0778	2.431	1.341	0
24.5143	22.9800	21.8819	21.4411	2.632	0.441	0
23.1219	22.5889	21.8151	21.4950	1.307	0.320	0
19.0461	17.6533	17.1577	16.9414	1.888	0.216	0
25.3500	21.2184	19.8778	19.1058	5.472	0.772	0
22.1325	21.2390	20.2986	19.9241	1.834	0.374	0
22.4612	21.1944	20.2420	19.9555	2.219	0.287	0
24.0468	22.1268	21.4299	21.1376	2.617	0.292	0
23.7868	22.5810	21.7113	21.3145	2.076	0.397	0
23.1058	22.7938	21.9019	21.3916	1.204	0.510	0
24.4631	22.9288	21.9814	21.7682	2.482	0.213	0
22.7621	21.0833	19.8792	19.3734	2.883	0.506	0
21.6123	18.9086	17.6385	17.0629	3.974	0.576	0
22.7212	22.3015	21.8496	21.1060	0.872	0.744	0
23.2618	22.1930	21.8878	21.6615	1.374	0.226	0
24.3561	23.0647	21.7694	21.3328	2.587	0.437	0
25.3555	21.8369	20.7497	20.3476	4.606	0.402	0
23.4373	19.8542	19.5589	19.2941	3.878	0.265	0
21.2735	20.2852	19.2691	18.8007	2.004	0.468	0
22.4339	22.0145	21.4341	21.4257	1.000	0.008	0
23.4374	21.3642	20.8069	20.6746	2.631	0.132	0
21.2765	20.2412	19.9393	19.8019	1.337	0.137	0
22.4661	21.4005	21.0133	20.8192	1.453	0.194	0
23.7792	22.2209	20.9962	20.6032	2.783	0.393	0
22.6705	22.1191	21.3629	21.1494	1.308	0.213	0
23.0231	21.9910	21.5309	21.2634	1.492	0.267	0
23.9313	21.6111	20.4037	19.8794	3.528	0.524	0
21.2508	18.8357	17.8227	17.4673	3.428	0.355	0
21.4827	20.3786	19.9425	19.7792	1.540	0.163	0
22.1234	20.8795	20.5068	20.3287	1.617	0.178	0
22.7064	21.7608	21.4485	21.3137	1.258	0.135	0
23.5695	20.4112	18.9581	17.5370	4.611	1.421	0
23.0181	20.6972	19.2647	18.7747	3.753	0.490	0
24.2107	21.7470	20.5915	20.0831	3.619	0.508	0
20.6553	18.7714	18.0748	17.7981	2.580	0.277	0
23.2515	21.6169	20.9558	20.6967	2.296	0.259	0
22.4235	20.7811	20.0948	19.7959	2.329	0.299	0
22.4627	22.1068	21.9763	21.6177	0.486	0.359	0
24.8956	22.6102	21.8853	21.7187	3.010	0.167	0
23.9757	22.8986	21.9948	21.5860	1.981	0.409	0
22.4721	21.3590	20.9662	20.7101	1.506	0.256	0
23.6840	21.2710	20.4961	20.1042	3.188	0.392	0
21.2975	20.1099	19.5550	19.3475	1.743	0.208	0
22.4970	19.8045	18.4470	17.5129	4.050	0.934	0
19.6707	18.7013	18.4279	18.2858	1.243	0.142	0
22.2852	19.6910	18.2374	17.7028	4.048	0.535	0
23.3705	22.3367	21.7434	21.6025	1.627	0.141	0
19.2447	17.5490	16.8436	16.5894	2.401	0.254	0
19.9407	18.9974	18.7246	18.5648	1.216	0.160	0
24.0272	22.7036	21.7510	21.4691	2.276	0.282	0
19.6966	17.2583	17.7280	15.9738	1.969	1.754	0
22.7083	20.4149	19.5105	19.1162	3.198	0.394	0
21.3913	20.2677	19.8828	19.7121	1.509	0.171	0
25.2304	22.0120	21.0304	20.6148	4.200	0.416	0
22.4750	20.7353	19.6587	19.1834	2.816	0.475	0
23.6454	21.9681	21.2326	20.9270	2.413	0.306	0
21.8297	20.5759	20.0992	19.8803	1.731	0.219	0
20.7626	19.3068	18.7473	18.5366	2.015	0.211	0
23.4213	22.6788	21.9585	21.4586	1.463	0.500	0
24.1531	21.5747	20.3220	19.7333	3.831	0.589	0
24.3854	20.8265	19.4473	18.6358	4.938	0.812	0
24.8327	20.3735	19.7793	19.4897	5.053	0.290	0
24.6741	21.0898	20.0800	19.6783	4.594	0.402	0
23.5656	22.1257	21.1515	20.7395	2.414	0.412	0
24.6991	21.5313	20.1379	19.6395	4.561	0.498	0
22.8270	21.5914	20.4105	19.9081	2.417	0.502	0
25.4807	21.3610	19.9275	18.6645	5.553	1.263	0
22.1774	19.3692	17.9960	17.1720	4.181	0.824	0
22.5735	21.5198	21.1225	20.9162	1.451	0.206	0
21.5243	20.5359	20.2230	20.1306	1.301	0.092	0
22.2921	21.1315	20.8498	20.6737	1.442	0.176	0
22.7391	22.2073	21.3609	21.0329	1.378	0.328	0
22.1825	21.1753	20.9377	20.7712	1.245	0.167	0
24.8821	22.0194	20.3398	19.6824	4.542	0.657	0
22.7693	21.9322	21.4885	21.3153	1.281	0.173	0
24.5238	21.4321	19.9595	19.2846	4.564	0.675	0
23.2264	22.4835	21.6300	21.2992	1.596	0.331	0
24.6898	20.4827	19.6557	19.4067	5.034	0.249	0
25.2582	23.0101	21.7664	21.3560	3.492	0.410	0
21.8634	21.2455	20.6812	20.6985	1.182	-0.017	0
22.3097	21.7214	21.0871	20.8679	1.223	0.219	0
24.7367	22.0283	20.6215	19.8564	4.115	0.765	0
22.9677	21.7393	21.6465	21.4560	1.321	0.191	0
22.6844	22.3357	21.6927	21.3961	0.992	0.297	0
21.5196	20.9715	20.7802	20.1212	0.739	0.659	0
23.3070	22.5353	21.7889	21.5021	1.518	0.287	0
20.2791	18.3459	17.4210	16.9669	2.858	0.454	0
22.3630	20.8646	20.5159	20.3132	1.847	0.203	0
22.1205	20.3636	19.5929	19.2661	2.528	0.327	0
23.0538	22.4206	21.9931	21.8056	1.061	0.188	0
22.0978	20.6866	19.7315	19.3385	2.366	0.393	0
19.4179	18.2682	17.8190	17.6176	1.599	0.201	0
21.6700	21.1467	21.0023	20.7127	0.668	0.290	0
23.9806	21.1146	19.7989	18.6633	4.182	1.136	0
21.7136	20.4762	19.5402	19.0759	2.173	0.464	0
20.4480	19.5361	19.2760	19.1639	1.172	0.112	0
20.0896	17.8992	17.0484	16.7082	3.041	0.340	0
14.4259	14.5380	14.2663	13.9144	0.160	0.352	0
21.8658	21.2167	20.7037	20.5669	1.162	0.137	0
22.7715	21.9656	21.0367	20.7592	1.735	0.278	0
22.9003	19.9378	18.4209	16.7745	4.479	1.646	0
22.4739	21.3381	21.0135	20.8600	1.460	0.153	0
21.1037	20.0777	19.8333	19.6964	1.270	0.137	0
22.0396	21.1808	20.4647	20.1510	1.575	0.314	0
23.0189	22.1987	21.4852	20.9241	1.534	0.561	0
22.4054	21.1853	20.9571	20.7626	1.448	0.194	0
24.3331	21.7562	20.5110	20.0296	3.822	0.481	0
20.5249	19.2076	18.6986	18.4868	1.826	0.212	0
23.0672	21.8599	21.6058	21.4060	1.461	0.200	0
23.3229	20.4867	19.1486	17.7324	4.174	1.416	0
20.0868	18.4476	17.8933	17.6475	2.194	0.246	0
21.5264	20.5555	20.2398	20.0626	1.287	0.177	0
23.2165	22.3999	21.4115	21.1372	1.805	0.274	0
21.5687	20.6530	19.4830	19.0827	2.086	0.400	0
22.8912	21.4760	21.2485	21.1078	1.643	0.141	0
24.4773	22.8535	21.7193	21.3861	2.758	0.333	0
22.2821	21.2817	20.9757	20.8138	1.306	0.162	0
18.1786	17.0015	16.6646	16.5070	1.514	0.158	0
22.5042	21.2468	20.8175	20.5900	1.687	0.227	0
25.4238	22.0269	21.0083	20.5480	4.415	0.460	0
23.4000	22.7589	21.9387	21.5905	1.461	0.348	0
19.1772	17.7338	17.1431	16.9047	2.034	0.238	0
19.5585	18.2986	18.4296	18.5371	1.129	-0.108	0
25.0306	21.8680	20.9260	20.4334	4.105	0.493	0
22.2391	21.5135	21.6400	20.9843	0.599	0.656	0
23.7317	22.3224	21.3200	20.9054	2.412	0.415	0
22.8844	22.1337	21.4443	20.9631	1.440	0.481	0
21.7754	21.0337	20.8023	20.8148	0.973	-0.013	0
23.3517	20.7320	20.0676	19.6875	3.284	0.380	0
23.5048	22.6755	21.7820	21.4519	1.723	0.330	0
22.2291	21.3977	20.6807	20.3020	1.548	0.379	0
21.6663	20.5749	20.3276	20.1838	1.339	0.144	0
20.5759	18.7780	18.1097	17.8676	2.466	0.242	0
18.7659	17.3890	16.8789	16.6408	1.887	0.238	0
20.2850	18.2250	17.4514	17.1744	2.834	0.277	0
22.8396	20.4091	19.1725	18.6570	3.667	0.516	0
23.3530	21.7269	20.1842	19.6041	3.169	0.580	0
20.9384	18.8213	18.4132	18.1653	2.525	0.248	0
21.7353	21.4575	21.1378	20.8333	0.597	0.305	0
24.1985	22.4134	20.9674	20.3958	3.231	0.572	0
21.8390	21.3378	20.7341	20.5960	1.105	0.138	0
22.0747	19.3733	17.9342	17.2534	4.140	0.681	0
23.7594	22.1612	21.4450	21.2174	2.314	0.228	0
23.2984	20.9679	20.0484	19.6939	3.250	0.355	0
23.7006	22.0851	21.4993	21.2406	2.201	0.259	0
24.1208	21.2454	19.9230	18.8883	4.198	1.035	0
21.9661	20.9376	20.6243	20.4715	1.342	0.153	0
22.0073	20.7258	20.3889	20.3085	1.618	0.080	0
24.3954	22.2756	21.9484	21.5425	2.447	0.406	0
22.9158	21.6123	21.1963	20.9957	1.719	0.201	0
23.2104	21.6041	20.9283	20.6218	2.282	0.307	0
22.5201	22.2885	21.4664	21.4270	1.054	0.039	0
24.3582	22.3670	21.3289	20.8235	3.029	0.505	0
23.9159	20.7057	19.1746	17.6438	4.741	1.531	0
